1999
539 2061
539 2412
2412 1110
1110 2251
2251 741
741 1589
1589 1241
1241 1899
1899 282
282 608
608 2641
2641 2490
2490 136
136 2428
2428 134
134 2551
2551 1262
1262 954
954 2378
2378 1206
1206 125
125 2268
2268 2165
2165 815
815 19
19 1214
1214 528
528 2249
2249 238
238 547
547 2481
2481 908
908 1754
1754 2333
2333 1585
1585 2060
2060 2827
2827 745
745 1924
1924 737
737 1941
1941 853
853 1021
1021 2874
2874 8
8 2360
2360 981
981 2131
2131 948
948 2054
2054 1237
1237 2093
2093 1227
1227 2389
2389 2167
2167 1776
1776 1820
1820 1576
1576 421
421 1242
1242 1307
1307 2719
2719 1221
1221 903
903 372
372 536
536 1347
1347 956
956 1967
1967 605
605 1838
1838 2603
2603 1363
1363 1102
1102 1520
1520 1257
1257 1121
1121 2738
2738 2322
2322 2655
2655 58
58 1318
1318 1046
1046 2667
2667 531
531 730
730 647
647 119
119 1385
1385 629
629 2092
2092 848
848 1375
1375 404
404 194
194 1690
1690 991
991 2610
2610 1631
1631 296
296 1492
1492 295
295 230
230 1402
1402 412
412 691
691 2030
2030 817
817 466
466 847
847 132
132 1936
1936 2885
2885 2507
2507 289
289 763
763 2826
2826 1150
1150 1139
1139 1108
1108 749
749 2147
2147 1632
1632 2899
2899 2387
2387 2944
2944 448
448 2121
2121 73
73 1851
1851 2349
2349 2812
2812 1611
1611 2571
2571 1223
1223 2775
2775 2919
2919 2472
2472 2183
2183 1526
1526 674
674 1569
1569 1559
1559 492
492 240
240 2709
2709 361
361 1463
1463 2599
2599 2742
2742 2907
2907 1910
1910 1522
1522 2372
2372 1679
1679 1816
1816 1634
1634 2575
2575 2037
2037 2203
2203 2391
2391 1743
1743 192
192 182
182 2122
2122 1931
1931 1829
1829 365
365 1779
1779 1013
1013 1500
1500 2435
2435 111
111 2327
2327 1130
1130 1937
1937 886
886 652
652 2563
2563 1487
1487 1657
1657 1525
1525 2362
2362 2156
2156 1594
1594 2903
2903 1468
1468 1004
1004 1723
1723 2961
2961 1020
1020 2465
2465 1700
1700 274
274 357
357 945
945 2345
2345 1005
1005 2002
2002 375
375 1651
1651 514
514 765
765 1071
1071 2304
2304 482
482 2344
2344 2252
2252 842
842 76
76 487
487 2444
2444 2144
2144 207
207 1442
1442 483
483 2370
2370 2038
2038 2235
2235 1068
1068 580
580 363
363 1573
1573 2036
2036 2315
2315 720
720 2887
2887 127
127 1035
1035 2261
2261 2418
2418 2877
2877 96
96 758
758 520
520 162
162 2779
2779 1016
1016 1562
1562 2544
2544 1814
1814 725
725 1123
1123 1392
1392 2635
2635 2329
2329 1414
1414 2632
2632 938
938 88
88 1355
1355 1412
1412 2416
2416 1670
1670 467
467 1959
1959 1129
1129 2001
2001 2501
2501 476
476 1627
1627 1974
1974 1966
1966 2133
2133 1087
1087 1079
1079 1440
1440 360
360 959
959 437
437 2758
2758 2076
2076 651
651 546
546 2993
2993 2447
2447 402
402 1286
1286 320
320 941
941 2855
2855 1145
1145 2043
2043 2298
2298 2216
2216 33
33 1830
1830 42
42 969
969 148
148 2303
2303 2164
2164 1590
1590 980
980 302
302 2786
2786 1386
1386 1359
1359 1132
1132 1969
1969 2042
2042 2100
2100 1681
1681 2555
2555 1606
1606 1117
1117 1061
1061 2527
2527 173
173 1739
1739 1863
1863 413
413 1770
1770 2326
2326 814
814 1304
1304 164
164 2032
2032 1201
1201 1807
1807 1202
1202 319
319 257
257 2810
2810 1274
1274 4
4 1315
1315 2834
2834 2402
2402 808
808 1759
1759 1
1 2195
2195 241
241 2373
2373 2031
2031 2245
2245 2675
2675 2437
2437 51
51 2715
2715 379
379 791
791 2419
2419 2352
2352 1858
1858 1277
1277 1339
1339 1024
1024 1128
1128 1801
1801 736
736 313
313 232
232 715
715 1818
1818 1582
1582 2817
2817 1795
1795 2955
2955 2237
2237 1716
1716 1309
1309 1753
1753 2013
2013 1865
1865 2515
2515 1987
1987 1742
1742 293
293 1575
1575 2736
2736 841
841 2282
2282 168
168 1017
1017 2347
2347 112
112 2570
2570 353
353 2348
2348 2485
2485 1362
1362 2221
2221 2721
2721 977
977 2533
2533 544
544 2816
2816 2953
2953 1282
1282 211
211 1353
1353 1152
1152 1060
1060 2769
2769 1533
1533 2463
2463 1301
1301 2244
2244 1278
1278 2258
2258 2496
2496 1791
1791 1334
1334 1741
1741 840
840 1094
1094 2749
2749 2942
2942 75
75 1652
1652 2591
2591 266
266 2538
2538 2448
2448 2289
2289 1988
1988 1555
1555 1283
1283 575
575 820
820 2274
2274 1761
1761 1305
1305 2228
2228 617
617 1158
1158 1077
1077 2850
2850 1325
1325 2256
2256 902
902 512
512 2554
2554 340
340 1228
1228 87
87 2411
2411 603
603 1159
1159 1269
1269 1271
1271 2728
2728 2677
2677 2643
2643 2612
2612 1421
1421 2406
2406 926
926 644
644 2045
2045 2506
2506 1714
1714 2239
2239 1146
1146 1044
1044 1764
1764 1888
1888 1388
1388 924
924 430
430 2179
2179 921
921 2863
2863 648
648 2105
2105 2678
2678 394
394 1053
1053 1881
1881 2188
2188 355
355 2963
2963 976
976 184
184 2789
2789 1340
1340 2906
2906 1809
1809 1394
1394 1563
1563 329
329 2757
2757 769
769 2180
2180 1894
1894 1951
1951 345
345 1756
1756 2636
2636 2281
2281 1115
1115 2519
2519 2791
2791 1556
1556 810
810 36
36 852
852 798
798 1075
1075 2767
2767 537
537 953
953 1342
1342 246
246 1958
1958 2770
2770 1933
1933 1538
1538 2176
2176 80
80 668
668 1259
1259 2497
2497 2159
2159 2424
2424 2353
2353 1775
1775 158
158 1552
1552 1180
1180 277
277 822
822 1699
1699 1431
1431 1207
1207 1885
1885 2611
2611 957
957 171
171 176
176 2710
2710 2484
2484 146
146 2483
2483 724
724 2213
2213 682
682 2277
2277 1702
1702 1025
1025 943
943 2878
2878 621
621 2751
2751 2000
2000 438
438 1916
1916 314
314 667
667 566
566 1693
1693 52
52 2888
2888 1303
1303 1306
1306 777
777 1326
1326 1568
1568 56
56 2238
2238 2400
2400 1182
1182 1817
1817 26
26 2901
2901 1978
1978 986
986 1439
1439 1691
1691 1244
1244 2331
2331 2706
2706 1096
1096 2748
2748 489
489 2040
2040 1204
1204 1713
1713 1591
1591 1717
1717 1185
1185 2983
2983 2552
2552 1424
1424 2459
2459 2875
2875 318
318 410
410 898
898 1823
1823 1070
1070 1637
1637 2564
2564 1357
1357 1328
1328 1238
1238 1370
1370 1774
1774 2772
2772 2090
2090 2242
2242 468
468 2701
2701 711
711 2276
2276 1639
1639 463
463 1349
1349 2952
2952 1149
1149 2398
2398 70
70 474
474 846
846 2920
2920 1379
1379 469
469 11
11 2489
2489 1493
1493 705
705 1891
1891 929
929 2666
2666 775
775 287
287 2051
2051 2620
2620 2146
2146 793
793 2526
2526 2836
2836 2104
2104 290
290 77
77 1454
1454 1994
1994 516
516 262
262 2765
2765 2162
2162 1600
1600 1284
1284 656
656 339
339 1295
1295 874
874 1435
1435 2642
2642 1934
1934 2120
2120 198
198 1530
1530 323
323 718
718 2141
2141 304
304 2584
2584 1922
1922 1534
1534 1235
1235 693
693 2540
2540 2972
2972 1051
1051 1708
1708 1912
1912 1711
1711 1560
1560 1901
1901 593
593 2015
2015 326
326 684
684 587
587 2732
2732 642
642 1470
1470 2091
2091 2338
2338 1598
1598 2541
2541 2468
2468 2840
2840 1523
1523 2629
2629 1588
1588 2171
2171 1232
1232 1832
1832 1669
1669 1428
1428 1720
1720 813
813 2386
2386 2367
2367 2739
2739 1624
1624 2279
2279 2617
2617 906
906 2531
2531 2302
2302 336
336 1475
1475 1965
1965 625
625 2438
2438 49
49 1762
1762 2390
2390 2921
2921 993
993 896
896 268
268 2449
2449 434
434 186
186 2177
2177 2839
2839 816
816 2922
2922 305
305 965
965 2645
2645 439
439 2005
2005 1169
1169 1788
1788 1332
1332 936
936 792
792 2948
2948 2700
2700 2505
2505 2778
2778 2225
2225 1028
1028 2365
2365 78
78 571
571 565
565 1413
1413 2280
2280 115
115 1558
1558 1288
1288 529
529 1484
1484 1192
1192 18
18 172
172 1084
1084 2234
2234 1578
1578 2723
2723 358
358 1799
1799 614
614 2815
2815 2153
2153 2992
2992 1092
1092 41
41 719
719 795
795 2818
2818 576
576 2198
2198 1333
1333 219
219 581
581 2026
2026 2718
2718 459
459 263
263 1784
1784 362
362 807
807 1668
1668 1932
1932 1613
1613 145
145 337
337 1984
1984 2382
2382 563
563 681
681 1667
1667 2196
2196 2081
2081 2246
2246 129
129 1007
1007 2987
2987 1571
1571 750
750 2536
2536 830
830 2022
2022 2232
2232 1942
1942 1875
1875 2295
2295 1380
1380 398
398 1376
1376 1138
1138 55
55 1100
1100 962
962 177
177 1230
1230 1122
1122 1191
1191 1366
1366 316
316 251
251 952
952 708
708 2682
2682 1541
1541 2891
2891 1997
1997 442
442 2080
2080 2209
2209 1593
1593 1137
1137 1433
1433 2361
2361 843
843 2905
2905 2871
2871 1426
1426 2523
2523 2893
2893 2044
2044 1804
1804 2664
2664 79
79 166
166 1337
1337 2692
2692 1131
1131 897
897 1940
1940 664
664 1975
1975 1033
1033 2619
2619 1642
1642 1264
1264 666
666 2078
2078 1979
1979 1360
1360 2979
2979 1587
1587 383
383 2217
2217 2729
2729 630
630 231
231 1499
1499 1625
1625 1750
1750 444
444 819
819 2106
2106 477
477 832
832 2219
2219 1913
1913 2097
2097 659
659 2185
2185 2902
2902 784
784 523
523 247
247 294
294 1755
1755 592
592 1712
1712 200
200 2829
2829 1479
1479 1908
1908 748
748 2755
2755 1842
1842 2956
2956 1420
1420 2660
2660 2210
2210 1378
1378 137
137 1904
1904 1665
1665 872
872 2639
2639 2561
2561 723
723 1811
1811 2918
2918 607
607 1176
1176 884
884 405
405 2486
2486 2503
2503 2670
2670 2517
2517 2017
2017 2823
2823 1548
1548 390
390 2169
2169 409
409 153
153 709
709 2265
2265 2474
2474 526
526 2857
2857 1179
1179 1643
1643 733
733 2269
2269 1319
1319 1156
1156 564
564 1677
1677 2971
2971 1365
1365 1453
1453 2946
2946 1983
1983 2733
2733 782
782 1036
1036 48
48 1003
1003 2191
2191 824
824 787
787 2313
2313 2384
2384 165
165 505
505 801
801 2236
2236 935
935 2392
2392 2240
2240 1654
1654 64
64 325
325 2110
2110 594
594 1599
1599 1345
1345 1224
1224 311
311 1457
1457 2116
2116 612
612 2495
2495 1407
1407 670
670 252
252 2788
2788 1312
1312 1831
1831 557
557 535
535 1872
1872 1841
1841 678
678 2066
2066 2984
2984 396
396 2579
2579 98
98 1350
1350 1290
1290 2803
2803 2659
2659 1706
1706 699
699 1992
1992 382
382 2284
2284 2801
2801 2679
2679 1658
1658 1917
1917 178
178 2457
2457 1416
1416 60
60 1595
1595 596
596 1943
1943 2576
2576 32
32 1411
1411 331
331 2414
2414 1889
1889 370
370 2990
2990 2229
2229 597
597 1083
1083 821
821 1778
1778 185
185 1346
1346 1661
1661 102
102 281
281 1018
1018 2427
2427 586
586 1923
1923 804
804 278
278 1954
1954 1143
1143 1389
1389 2957
2957 1848
1848 662
662 1882
1882 2572
2572 1564
1564 387
387 2041
2041 441
441 545
545 2892
2892 385
385 2190
2190 1824
1824 2123
2123 1153
1153 2340
2340 428
428 856
856 751
751 59
59 90
90 2687
2687 2291
2291 700
700 2793
2793 2493
2493 2713
2713 1837
1837 1659
1659 615
615 2798
2798 2452
2452 1187
1187 1963
1963 163
163 2453
2453 2795
2795 2478
2478 95
95 1772
1772 1041
1041 690
690 455
455 21
21 2126
2126 891
891 1261
1261 995
995 1854
1854 377
377 1320
1320 606
606 1043
1043 2451
2451 844
844 2606
2606 415
415 1673
1673 757
757 2628
2628 803
803 2851
2851 1085
1085 868
868 2376
2376 1968
1968 1450
1450 2172
2172 1537
1537 1868
1868 524
524 2656
2656 376
376 2072
2072 825
825 2170
2170 2894
2894 1367
1367 2744
2744 1976
1976 732
732 1915
1915 1034
1034 574
574 2845
2845 1448
1448 2296
2296 996
996 2068
2068 2307
2307 156
156 1905
1905 541
541 1263
1263 2311
2311 1529
1529 800
800 2184
2184 403
403 591
591 2846
2846 599
599 1298
1298 2714
2714 1451
1451 1748
1748 1546
1546 1503
1503 1737
1737 488
488 2705
2705 309
309 604
604 418
418 1352
1352 2067
2067 766
766 2140
2140 2745
2745 1715
1715 1839
1839 359
359 2048
2048 1618
1618 2691
2691 829
829 805
805 1023
1023 1254
1254 481
481 971
971 2095
2095 672
672 1134
1134 2456
2456 1883
1883 622
622 85
85 1869
1869 330
330 1199
1199 1789
1789 2872
2872 2773
2773 1695
1695 1166
1166 1519
1519 2491
2491 279
279 2774
2774 1746
1746 930
930 2822
2822 1696
1696 315
315 1477
1477 2958
2958 1099
1099 2077
2077 1047
1047 480
480 1751
1751 2334
2334 1377
1377 131
131 83
83 2814
2814 1928
1928 17
17 2986
2986 2722
2722 1403
1403 179
179 1871
1871 299
299 1203
1203 2288
2288 2833
2833 913
913 2271
2271 946
946 1803
1803 1852
1852 2293
2293 927
927 2761
2761 2989
2989 1551
1551 218
218 1193
1193 2098
2098 1358
1358 2828
2828 393
393 2929
2929 82
82 1245
1245 2813
2813 142
142 2560
2560 335
335 2731
2731 450
450 414
414 2616
2616 35
35 2730
2730 307
307 1064
1064 695
695 373
373 1267
1267 1444
1444 364
364 917
917 786
786 706
706 950
950 1406
1406 423
423 1616
1616 1114
1114 2433
2433 1240
1240 645
645 2212
2212 297
297 62
62 2924
2924 2509
2509 2263
2263 209
209 1154
1154 2514
2514 2991
2991 124
124 2771
2771 540
540 63
63 2821
2821 2205
2205 1672
1672 2224
2224 2640
2640 2743
2743 2938
2938 878
878 2808
2808 1794
1794 2934
2934 1725
1725 534
534 161
161 974
974 920
920 1249
1249 734
734 2569
2569 226
226 1488
1488 1270
1270 2018
2018 1215
1215 1124
1124 626
626 928
928 1011
1011 71
71 1364
1364 2724
2724 1432
1432 1136
1136 1382
1382 461
461 1229
1229 776
776 66
66 46
46 2913
2913 117
117 1939
1939 2314
2314 2204
2204 2529
2529 1167
1167 2208
2208 1485
1485 975
975 2866
2866 2759
2759 638
638 2342
2342 1692
1692 29
29 2657
2657 2513
2513 2070
2070 1056
1056 933
933 317
317 2138
2138 2553
2553 671
671 1250
1250 2873
2873 2512
2512 9
9 133
133 1030
1030 1876
1876 1491
1491 785
785 1234
1234 2806
2806 149
149 2027
2027 2847
2847 138
138 1471
1471 2214
2214 2825
2825 1898
1898 225
225 1226
1226 1427
1427 2056
2056 543
543 1682
1682 1768
1768 202
202 1090
1090 458
458 388
388 2197
2197 984
984 983
983 1445
1445 2585
2585 1086
1086 1168
1168 1880
1880 258
258 873
873 349
349 2590
2590 350
350 2697
2697 2910
2910 332
332 854
854 624
624 1630
1630 2895
2895 2511
2511 141
141 470
470 1480
1480 288
288 628
628 417
417 1338
1338 893
893 1438
1438 553
553 389
389 2476
2476 582
582 837
837 2852
2852 2118
2118 2898
2898 1769
1769 130
130 67
67 2876
2876 2879
2879 2008
2008 857
857 1218
1218 1417
1417 2580
2580 445
445 509
509 742
742 1361
1361 1151
1151 1472
1472 1730
1730 1749
1749 588
588 1734
1734 676
676 167
167 661
661 2859
2859 2976
2976 1127
1127 2568
2568 1835
1835 103
103 2364
2364 914
914 2285
2285 1032
1032 2368
2368 639
639 2968
2968 334
334 2272
2272 25
25 2324
2324 1272
1272 560
560 2320
2320 918
918 1316
1316 1341
1341 1482
1482 1502
1502 1977
1977 1405
1405 1622
1622 2218
2218 1178
1178 931
931 633
633 1125
1125 1048
1048 951
951 276
276 1921
1921 717
717 1460
1460 1653
1653 2752
2752 2253
2253 2704
2704 2974
2974 1925
1925 1740
1740 1539
1539 760
760 2363
2363 187
187 1635
1635 1930
1930 2310
2310 1918
1918 1617
1617 169
169 1210
1210 1647
1647 1528
1528 1294
1294 1893
1893 1896
1896 1196
1196 1142
1142 2522
2522 2399
2399 1081
1081 1821
1821 2824
2824 1292
1292 120
120 1782
1782 2318
2318 525
525 147
147 2608
2608 2330
2330 1972
1972 222
222 1006
1006 838
838 992
992 1704
1704 890
890 1892
1892 1864
1864 1995
1995 2498
2498 344
344 619
619 646
646 2247
2247 887
887 2782
2782 1410
1410 862
862 1434
1434 1140
1140 900
900 731
731 2436
2436 2057
2057 1998
1998 1299
1299 433
433 2047
2047 2173
2173 554
554 1648
1648 1251
1251 2943
2943 175
175 1231
1231 2125
2125 214
214 1957
1957 2797
2797 2371
2371 2841
2841 2663
2663 253
253 191
191 2231
2231 2547
2547 81
81 1495
1495 2600
2600 595
595 1557
1557 1212
1212 2020
2020 2087
2087 533
533 1680
1680 1285
1285 1093
1093 1689
1689 2107
2107 208
208 2206
2206 1909
1909 1404
1404 1496
1496 1266
1266 1062
1062 422
422 2335
2335 369
369 1532
1532 1521
1521 2355
2355 1703
1703 2394
2394 1535
1535 1429
1429 16
16 2545
2545 1857
1857 1633
1633 486
486 92
92 2994
2994 2566
2566 440
440 1019
1019 2548
2548 490
490 1705
1705 229
229 1516
1516 2951
2951 1076
1076 780
780 1955
1955 2350
2350 227
227 2439
2439 2084
2084 2359
2359 280
280 851
851 1273
1273 2848
2848 301
301 1369
1369 2039
2039 2933
2933 2978
2978 2768
2768 972
972 2914
2914 2583
2583 836
836 2860
2860 778
778 20
20 583
583 2410
2410 2243
2243 128
128 1927
1927 932
932 2849
2849 1579
1579 61
61 2567
2567 1322
1322 1104
1104 2029
2029 1436
1436 2082
2082 513
513 2896
2896 985
985 584
584 967
967 1828
1828 2108
2108 431
431 502
502 1252
1252 620
620 519
519 2524
2524 2950
2950 508
508 2297
2297 2681
2681 1938
1938 802
802 2151
2151 1022
1022 2035
2035 600
600 2830
2830 790
790 2317
2317 764
764 2461
2461 1847
1847 994
994 197
197 2075
2075 2725
2725 1727
1727 1281
1281 1012
1012 1806
1806 1088
1088 378
378 2024
2024 2312
2312 429
429 2135
2135 1724
1724 2096
2096 2911
2911 2960
2960 1506
1506 2837
2837 453
453 907
907 2009
2009 2936
2936 2136
2136 1623
1623 1547
1547 1607
1607 2977
2977 1098
1098 1415
1415 478
478 6
6 2844
2844 1163
1163 1645
1645 1542
1542 1507
1507 1884
1884 635
635 352
352 1601
1601 420
420 72
72 2688
2688 213
213 1512
1512 1777
1777 1374
1374 2420
2420 779
779 2750
2750 407
407 2843
2843 233
233 2358
2358 1802
1802 728
728 1853
1853 2480
2480 716
716 2215
2215 658
658 683
683 1260
1260 1620
1620 109
109 2407
2407 2648
2648 259
259 114
114 1073
1073 2112
2112 157
157 1399
1399 501
501 2270
2270 1827
1827 569
569 2518
2518 2763
2763 2023
2023 2143
2143 1042
1042 2886
2886 181
181 2727
2727 806
806 1878
1878 753
753 1603
1603 1113
1113 1133
1133 1425
1425 1919
1919 2550
2550 2115
2115 1314
1314 2356
2356 1517
1517 1545
1545 1836
1836 755
755 201
201 193
193 2211
2211 1190
1190 1040
1040 2807
2807 2321
2321 160
160 2940
2940 53
53 1511
1511 1216
1216 1321
1321 264
264 2309
2309 1527
1527 1844
1844 2148
2148 849
849 1810
1810 1148
1148 1458
1458 1840
1840 2897
2897 850
850 203
203 1798
1798 2881
2881 739
739 472
472 1014
1014 2889
2889 1330
1330 1952
1952 2912
2912 2278
2278 1348
1348 641
641 351
351 831
831 2562
2562 1728
1728 2286
2286 427
427 2864
2864 1990
1990 2129
2129 504
504 2168
2168 703
703 261
261 722
722 2658
2658 2970
2970 2255
2255 2130
2130 1105
1105 1443
1443 2858
2858 1666
1666 2915
2915 2532
2532 721
721 1825
1825 485
485 1205
1205 2597
2597 611
611 2890
2890 367
367 618
618 89
89 2646
2646 2884
2884 1275
1275 2982
2982 1183
1183 1109
1109 2230
2230 493
493 1155
1155 1461
1461 797
797 696
696 859
859 934
934 2
2 1671
1671 2966
2966 2248
2248 1317
1317 2012
2012 2471
2471 68
68 1765
1765 768
768 2586
2586 500
500 1926
1926 1874
1874 826
826 1629
1629 761
761 2016
2016 655
655 2618
2618 1664
1664 781
781 1514
1514 2653
2653 1256
1256 2283
2283 2021
2021 925
925 746
746 573
573 989
989 1843
1843 1536
1536 1509
1509 265
265 1973
1973 1501
1501 1397
1397 1745
1745 1813
1813 1308
1308 1050
1050 2521
2521 256
256 2294
2294 150
150 2003
2003 74
74 2539
2539 1078
1078 1194
1194 1773
1773 354
354 2596
2596 2049
2049 2181
2181 752
752 542
542 1473
1473 2707
2707 2740
2740 285
285 1368
1368 1447
1447 2388
2388 1947
1947 447
447 28
28 2019
2019 451
451 2792
2792 2949
2949 2127
2127 1045
1045 2542
2542 2680
2680 2089
2089 97
97 2260
2260 1219
1219 2393
2393 2838
2838 1602
1602 2917
2917 997
997 871
871 457
457 1619
1619 1862
1862 960
960 15
15 1999
1999 2720
2720 2594
2594 2403
2403 2404
2404 2689
2689 812
812 419
419 811
811 1570
1570 675
675 1747
1747 1049
1049 598
598 107
107 368
368 2756
2756 939
939 1604
1604 2155
2155 556
556 2916
2916 1945
1945 783
783 2431
2431 1268
1268 1449
1449 1222
1222 1069
1069 1733
1733 2602
2602 1200
1200 2588
2588 199
199 1903
1903 1446
1446 2028
2028 940
940 2695
2695 2578
2578 1027
1027 1000
1000 1171
1171 2450
2450 235
235 2262
2262 2145
2145 773
773 40
40 955
955 2061
