40 40
59 40 64 37 14 95 29 10 30 64 55 23 28 61 35 62 33 74 1 8 40 54 36 83 16 56 37 98 69 9 60 14 65 57 46 17 80 54 10 60
85 67 24 70 88 91 94 78 23 10 86 38 4 73 8 91 83 27 86 44 57 96 53 32 78 95 93 30 57 52 26 54 46 65 71 31 15 36 94 97
70 72 78 13 38 95 41 48 24 29 6 41 7 96 59 73 74 21 32 52 70 24 66 33 90 33 4 100 10 49 83 22 74 0 14 55 51 31 53 30
39 63 45 77 6 28 78 1 1 25 9 88 70 4 77 61 67 50 45 12 61 67 63 40 86 52 96 24 6 22 19 18 50 60 32 93 89 90 1 79
39 94 8 71 82 85 90 29 93 80 16 37 68 97 19 94 88 33 40 76 53 63 48 87 84 57 58 17 99 82 75 78 3 88 12 19 73 25 30 96
77 8 37 79 89 52 1 71 42 1 44 58 1 94 43 22 14 50 8 39 21 71 63 89 6 52 85 27 44 97 60 55 89 64 87 44 87 93 64 92
58 54 89 91 39 51 56 30 13 46 46 19 27 41 73 90 63 78 27 44 9 100 1 32 8 74 46 85 81 50 99 92 42 84 74 46 5 47 74 3
11 37 4 5 66 59 49 68 14 91 96 27 8 69 70 6 16 98 62 40 17 69 34 1 68 90 100 6 44 23 40 89 61 75 33 8 80 90 65 20
50 28 30 25 73 67 10 93 18 3 40 64 42 86 13 84 43 15 77 79 83 87 9 6 94 1 60 23 61 50 96 52 51 90 4 18 95 53 50 79
94 53 46 97 35 58 3 56 60 95 75 95 23 72 43 29 75 78 62 5 74 48 6 40 27 34 71 21 32 3 37 39 20 74 16 44 80 86 76 71
46 9 36 48 29 71 98 37 16 50 61 58 1 17 36 31 32 34 53 69 57 1 80 72 61 83 48 36 3 92 86 2 59 31 98 12 71 48 2 52
5 92 73 54 53 51 15 68 94 53 30 85 57 77 27 7 68 15 70 38 95 67 22 44 0 87 86 29 88 35 32 70 59 71 67 61 69 24 80 66
74 62 28 92 21 11 87 10 70 36 69 11 9 53 0 68 48 32 90 56 22 83 94 37 36 2 45 37 57 9 60 57 79 47 99 18 50 53 93 31
76 43 32 90 69 41 97 99 18 28 26 77 43 54 84 53 62 69 65 30 44 36 12 25 32 46 25 76 6 27 6 32 57 84 66 19 80 67 56 92
16 82 25 6 67 72 71 74 54 90 9 48 26 83 25 51 46 29 50 65 17 98 5 30 38 53 74 47 51 72 9 93 54 49 88 42 58 2 97 96
92 58 61 62 77 91 97 19 89 27 68 47 47 16 87 34 18 9 71 35 44 1 11 91 2 54 3 61 10 6 61 74 36 96 22 68 19 93 28 48
68 83 48 65 42 4 77 95 27 85 52 30 17 13 37 37 47 65 54 27 73 91 39 46 40 50 61 0 70 94 53 10 28 13 52 1 59 41 4 84
33 98 49 12 98 70 3 41 95 30 84 78 36 82 7 71 28 42 84 8 15 87 48 58 95 52 83 59 87 10 23 85 17 5 36 68 82 91 70 42
38 65 84 14 85 73 10 12 6 6 78 15 79 18 7 15 29 70 43 62 95 96 79 75 93 40 46 72 64 25 86 41 96 25 75 70 7 25 92 48
15 55 60 51 85 85 22 4 29 2 23 74 64 7 44 1 93 55 50 29 41 56 61 10 6 36 56 26 56 91 61 75 39 86 98 47 20 23 70 53
46 37 65 13 46 51 34 10 68 83 80 61 75 84 14 96 20 78 83 83 57 24 69 6 17 100 19 86 77 54 30 92 53 50 84 36 75 87 15 68
28 8 40 64 89 95 44 21 2 57 97 67 44 86 74 55 8 93 19 29 30 77 73 36 39 53 55 50 9 97 19 90 22 69 77 81 90 13 67 28
49 78 44 10 80 60 69 38 92 72 7 20 39 83 44 59 19 41 72 53 29 59 92 54 74 45 43 60 25 70 53 87 49 66 10 80 77 47 88 62
95 72 47 58 45 57 83 80 31 79 91 13 24 16 62 53 60 0 18 90 96 35 24 13 92 57 1 96 84 48 66 37 34 17 24 8 77 9 22 10
48 78 33 13 3 35 76 73 41 46 66 82 6 7 27 64 22 45 62 82 74 72 5 87 20 80 3 57 16 52 64 40 54 32 87 54 33 29 12 7
30 85 53 22 65 16 33 61 83 97 8 19 4 6 29 52 13 66 29 61 87 37 35 8 15 47 92 55 8 78 15 67 71 7 13 25 80 64 23 99
66 46 58 49 36 82 92 91 60 7 13 13 73 32 91 18 96 18 9 22 21 52 51 66 9 40 31 13 58 19 48 12 68 67 76 25 83 92 15 78
19 61 83 58 3 33 98 68 46 34 54 38 54 6 53 55 48 66 60 12 21 40 98 25 52 73 1 95 16 20 12 30 53 17 51 97 76 80 90 44
9 72 11 82 18 100 13 48 11 13 99 84 90 60 52 0 23 85 50 67 57 55 41 97 87 55 0 82 21 17 41 9 83 68 51 4 94 60 15 85
24 72 15 50 14 52 88 21 8 67 50 44 93 86 75 16 79 76 83 85 97 2 68 33 24 37 19 56 54 91 90 36 20 45 48 70 53 74 41 6
42 57 84 90 10 11 77 44 50 100 90 60 1 26 17 75 87 85 55 100 3 87 35 24 87 82 5 81 90 21 88 29 89 34 6 77 34 96 8 12
22 43 11 91 24 1 24 70 48 75 0 90 71 68 96 65 97 29 10 21 81 16 48 49 95 16 36 70 30 15 90 7 91 9 25 31 25 70 34 39
49 78 95 62 22 17 6 76 84 13 33 8 51 16 75 31 86 65 93 91 49 3 4 42 47 33 57 40 71 72 83 32 95 36 14 21 11 24 0 33
72 50 11 39 26 72 53 24 37 70 19 78 5 35 67 62 76 28 57 54 41 58 11 87 83 99 40 52 33 96 32 91 49 57 84 62 92 17 64 63
97 24 41 30 99 35 78 18 53 69 72 41 56 68 31 26 90 93 86 39 11 40 61 2 68 49 25 1 82 28 88 91 93 23 63 16 24 43 74 14
79 0 85 33 65 49 51 77 1 82 67 99 62 87 71 30 0 86 18 72 52 12 56 67 24 82 61 43 91 76 92 48 66 32 45 0 99 22 31 39
31 70 39 42 68 53 44 97 55 11 99 42 100 59 6 76 29 52 94 48 83 95 7 28 38 86 71 94 97 10 9 83 31 27 41 26 54 64 99 5
75 42 65 2 19 90 12 31 53 58 31 41 39 57 31 19 100 80 74 7 70 23 16 54 81 6 96 11 100 30 46 28 96 24 96 83 74 34 57 9
74 70 35 69 19 85 43 78 80 31 54 59 80 63 92 17 21 53 17 2 81 70 31 99 25 54 94 55 86 69 68 29 84 64 48 43 27 69 56 53
47 79 0 35 57 91 13 47 32 94 90 46 54 96 64 32 98 81 82 97 77 72 83 7 30 63 100 13 16 77 66 89 34 10 1 22 56 47 37 75
