40 40
56 18 38 15 99 78 11 96 49 95 76 82 94 83 48 61 61 54 22 38 74 100 19 81 97 65 0 85 31 77 19 18 60 86 87 37 51 55 77 83
47 78 31 77 67 39 82 13 71 97 8 52 5 34 78 68 97 72 98 46 58 57 71 66 77 89 89 100 41 87 68 58 87 57 32 22 85 23 33 1
45 2 83 32 9 82 11 12 30 3 29 87 32 72 40 96 33 52 66 31 83 89 97 31 41 57 17 85 7 90 28 28 5 40 76 4 77 15 79 23
46 82 51 34 10 18 64 46 32 35 69 95 49 61 99 79 7 23 66 91 29 14 43 87 99 2 20 23 38 56 32 56 48 15 40 0 6 23 42 65
15 65 26 3 19 95 86 70 80 63 78 0 62 38 72 12 49 100 9 2 70 78 94 93 92 87 73 60 24 73 7 16 75 51 80 71 15 82 1 100
84 1 38 55 14 54 44 57 36 28 94 35 72 3 26 35 65 59 80 51 44 54 73 63 38 66 51 53 3 37 19 75 36 5 23 76 90 38 46 52
16 35 47 28 46 57 96 30 60 23 17 66 40 84 65 52 68 63 18 93 16 90 33 83 32 79 81 56 37 90 28 7 39 68 14 69 1 14 67 98
98 86 56 74 77 42 74 15 94 55 57 38 4 88 39 42 54 63 89 57 95 58 45 19 77 6 30 5 5 51 44 100 5 2 18 4 69 85 52 56
74 82 89 95 63 39 98 65 91 35 35 15 66 58 79 56 58 87 17 95 53 77 89 89 57 50 9 3 47 98 78 18 67 57 77 25 74 87 40 59
4 85 31 51 75 50 19 73 19 29 14 84 51 16 55 52 5 56 21 25 4 95 48 27 34 50 75 68 85 40 21 86 35 39 56 72 12 49 77 40
100 77 3 29 78 70 19 78 96 48 54 56 75 42 60 80 35 21 49 0 88 99 80 79 64 51 26 87 17 26 58 26 10 90 6 49 69 63 93 4
7 10 0 39 52 74 83 78 92 81 85 70 82 43 70 45 92 87 85 49 70 32 99 10 88 30 43 70 29 63 71 23 32 93 34 42 26 71 4 40
53 88 85 29 38 17 64 98 0 98 53 25 66 92 42 90 76 45 46 0 90 10 39 17 91 67 85 72 97 100 13 13 78 21 72 49 9 60 28 84
71 84 12 13 59 87 79 76 21 63 56 33 65 50 16 98 46 69 87 28 22 78 75 59 17 23 22 96 65 12 77 85 95 54 71 15 66 52 66 66
73 60 48 68 25 38 95 38 2 65 49 43 67 8 58 46 71 23 0 31 53 43 64 87 53 46 79 7 71 46 38 39 17 27 3 39 74 2 98 22
38 48 97 59 26 64 40 20 9 38 22 45 63 56 12 96 51 20 40 34 28 51 24 83 36 32 44 77 63 73 19 75 68 80 37 76 12 99 87 99
3 24 60 76 2 32 55 17 83 56 61 68 91 42 95 54 77 58 3 94 7 61 37 28 53 24 43 68 68 79 8 50 41 27 98 90 89 36 6 17
37 28 45 20 6 48 23 17 0 81 87 75 30 44 82 6 57 47 92 88 43 80 50 96 57 51 93 74 20 7 38 9 25 16 2 9 99 81 66 15
97 86 8 29 26 14 74 58 2 15 27 100 62 81 75 38 21 88 26 63 40 62 40 82 65 77 30 48 45 89 29 62 53 39 84 72 65 39 42 89
68 57 92 47 86 99 20 54 98 77 8 65 68 65 47 52 3 88 93 89 97 90 0 45 52 79 55 90 47 87 99 12 55 8 17 69 8 27 78 81
39 96 8 89 69 3 15 53 73 98 21 93 23 26 77 58 81 43 29 42 43 38 88 58 35 65 33 72 94 42 8 92 47 80 17 96 81 30 59 51
95 38 39 37 49 97 79 96 96 18 65 78 45 94 7 66 97 36 68 91 78 62 67 61 33 89 37 51 24 25 15 33 7 8 74 47 1 29 27 39
50 40 24 91 59 64 66 35 87 2 8 82 54 56 97 34 57 18 51 58 77 77 82 91 29 96 48 46 67 57 42 89 28 86 26 30 45 22 63 56
93 2 94 78 25 93 65 54 77 25 43 15 27 9 23 26 90 21 10 13 42 87 95 86 45 76 25 5 39 85 99 47 47 50 96 86 0 4 68 62
43 95 52 76 93 32 30 70 83 34 75 65 4 87 94 13 36 31 6 76 79 41 26 22 87 77 53 69 67 5 41 50 9 3 81 37 36 45 60 73
25 75 83 86 4 40 58 53 25 94 41 61 9 17 94 96 54 34 28 5 55 51 8 91 4 37 32 26 58 30 6 24 73 89 71 96 78 95 68 62
64 2 28 34 15 37 46 97 30 90 53 99 91 50 79 49 46 33 1 5 12 87 93 69 68 41 87 98 63 70 59 12 13 11 65 85 46 100 25 73
6 74 71 49 18 44 40 7 30 60 36 61 90 4 9 100 93 79 27 22 52 88 4 33 24 47 42 46 63 90 100 99 56 26 59 62 47 75 41 51
63 31 52 20 44 59 2 100 17 53 29 37 60 27 37 94 64 4 17 44 85 38 7 78 86 58 50 42 91 4 28 59 12 49 78 80 19 84 62 8
7 37 43 41 40 78 16 58 50 10 75 91 24 7 70 45 37 73 44 75 49 100 60 72 72 35 95 60 39 25 54 53 33 51 19 85 43 96 6 12
76 67 37 25 32 14 91 42 51 20 99 7 35 38 10 46 53 23 31 56 41 59 30 61 72 17 96 90 38 6 19 14 38 58 54 31 71 28 61 29
69 6 33 78 43 37 67 99 31 61 19 64 58 91 57 38 41 40 40 86 52 3 47 77 1 90 81 96 78 97 42 32 18 55 26 66 19 11 5 43
92 65 69 39 8 7 60 22 13 70 84 69 56 31 58 21 70 37 11 72 69 78 19 76 46 81 33 70 16 47 86 70 26 66 87 3 65 76 44 18
57 40 4 47 97 48 40 69 62 11 34 11 71 9 23 57 20 48 45 13 14 1 65 20 89 17 64 6 49 24 17 88 24 8 79 52 21 81 98 9
28 70 1 36 11 35 34 76 78 29 90 14 85 58 5 47 1 98 93 40 33 65 37 44 94 34 56 57 25 18 86 51 71 36 85 31 85 75 41 67
62 90 90 58 49 32 77 33 68 100 39 91 59 65 100 62 88 67 37 80 93 28 61 98 59 18 79 46 81 21 56 34 88 22 94 60 6 89 25 84
7 82 49 76 79 1 53 33 22 88 27 90 43 81 3 59 46 85 61 83 98 71 85 65 4 73 21 93 100 20 45 46 48 62 45 49 71 94 67 31
92 36 78 62 87 57 16 19 99 16 74 23 21 80 53 74 78 77 94 74 58 77 55 94 20 92 57 17 99 54 50 71 92 30 54 20 8 30 72 81
68 94 61 76 17 66 43 15 66 66 88 64 75 66 100 45 90 11 63 5 49 72 20 87 1 58 87 84 17 5 56 93 44 8 36 2 12 0 99 57
89 4 99 33 59 52 94 54 55 55 11 50 50 69 63 90 53 94 92 22 5 82 70 10 36 64 82 69 85 12 94 7 15 25 35 5 58 50 30 24
