40 45
85 63 44 13 2 81 7 90 42 3 37 79 23 39 30 89 19 27 63 65 48 81 55 75 17 74 49 49 48 15 40 76 54 81 38 35 26 15 36 41 41 76 45 70 77
10 61 1 11 98 48 6 2 77 48 41 85 3 24 80 71 85 78 55 1 48 22 34 77 93 46 100 92 27 83 60 33 57 59 85 70 80 96 64 63 7 66 46 8 4
97 54 34 98 74 18 3 2 84 42 6 28 26 91 60 31 27 26 66 14 49 50 97 57 86 33 31 63 98 75 3 31 88 78 78 40 57 20 64 37 42 94 13 2 37
24 84 48 83 16 37 82 22 17 60 21 28 2 4 95 100 3 9 34 16 39 32 32 8 62 86 70 4 20 7 84 9 85 94 22 25 83 99 29 32 81 11 60 64 34
18 44 14 44 57 22 23 90 30 40 64 35 60 20 59 88 88 55 26 25 13 57 1 45 85 24 24 76 70 13 94 28 34 17 79 28 15 67 69 71 53 56 13 21 77
3 42 34 99 31 73 96 78 85 93 22 32 97 6 52 14 20 47 85 77 72 41 16 45 80 2 94 65 82 64 99 56 32 89 35 51 36 33 16 69 64 34 0 88 2
21 39 53 15 6 25 9 42 1 68 89 72 91 18 4 32 3 98 33 82 41 98 75 22 85 91 91 85 3 31 50 86 61 63 89 67 85 80 54 44 100 68 93 32 42
90 12 85 6 74 24 97 72 32 21 65 52 50 12 25 10 10 30 26 65 37 7 47 94 4 68 16 89 59 54 88 48 49 24 22 17 66 36 79 53 34 80 15 33 63
10 42 82 12 22 68 48 76 16 43 14 91 58 87 57 75 32 67 26 56 77 48 56 86 10 8 54 8 36 28 59 10 99 40 85 69 51 100 1 81 47 37 10 79 88
43 71 24 12 48 51 18 44 92 4 0 99 11 47 15 68 55 29 4 89 59 15 47 45 17 72 62 2 79 98 25 21 24 74 98 19 57 60 83 29 82 28 34 45 86
42 84 42 5 80 27 18 18 60 43 36 97 59 20 4 48 63 48 46 39 90 96 20 53 2 36 71 6 67 99 35 32 74 44 6 34 54 88 75 97 35 62 19 87 14
73 27 84 15 71 8 58 51 40 73 8 33 57 69 72 39 63 89 96 11 80 39 17 86 49 4 13 17 56 63 43 61 81 43 97 97 61 12 33 23 94 36 20 57 86
80 62 18 15 3 81 67 60 83 55 16 94 56 58 43 91 100 89 27 96 84 83 27 5 39 60 29 85 81 100 92 59 10 18 13 26 57 35 6 45 94 4 20 15 95
85 69 10 64 30 13 93 28 41 26 4 91 27 54 45 28 72 96 30 0 36 24 18 65 98 3 45 63 17 13 65 91 82 83 62 89 29 95 11 84 53 12 42 22 76
74 41 84 96 81 38 20 67 11 86 74 78 26 79 40 16 51 91 16 100 97 13 25 76 53 19 68 83 69 8 37 32 92 64 13 42 16 2 67 18 36 67 99 55 96
3 65 5 72 26 45 6 7 76 84 83 62 87 62 51 29 45 69 6 56 84 10 80 96 58 27 38 50 5 15 100 25 7 23 47 61 35 65 42 48 64 21 25 53 22
8 89 19 23 39 27 96 79 94 75 33 98 9 65 12 27 34 25 22 27 43 80 52 57 44 78 23 20 10 85 90 9 44 45 78 9 91 62 46 74 59 100 54 28 16
14 70 40 0 89 21 13 33 47 25 82 87 3 9 84 43 42 17 69 73 70 8 56 84 87 67 14 82 79 25 29 23 80 28 37 66 13 98 85 14 46 56 43 77 57
55 48 5 63 60 80 65 34 57 0 43 39 95 85 70 60 31 73 44 24 97 93 26 66 52 30 69 63 57 89 40 93 7 92 87 79 59 91 62 61 26 47 76 22 19
7 81 42 4 8 33 41 30 10 92 48 100 71 70 1 49 12 27 85 1 70 79 23 97 32 11 79 43 48 91 89 73 79 94 57 50 84 33 5 32 73 89 17 44 73
56 49 76 66 38 38 29 64 34 17 49 70 30 47 24 17 86 12 51 3 0 50 68 37 4 96 50 100 24 38 49 65 33 85 73 100 100 41 93 85 26 96 30 59 16
99 24 46 53 10 20 92 56 76 41 30 81 83 84 91 27 70 14 62 99 28 75 82 18 87 94 76 91 35 66 85 28 73 12 24 100 66 95 18 100 68 10 71 93 26
2 19 83 82 31 97 92 26 24 16 16 8 1 47 97 92 40 16 61 70 16 34 61 43 49 42 32 16 88 16 73 31 75 95 30 7 13 56 66 93 43 2 10 13 32
12 33 29 50 12 6 66 5 97 19 6 88 9 30 39 7 4 85 91 89 47 67 85 50 47 84 65 64 45 56 96 52 17 18 16 69 73 93 18 78 40 8 92 39 49
29 95 45 76 61 7 100 41 55 30 23 43 54 80 52 49 58 21 40 28 72 12 19 18 24 32 90 96 64 24 4 36 64 56 46 14 8 32 88 10 76 78 61 30 70
39 79 59 92 66 35 83 40 5 11 25 76 11 1 41 96 24 10 69 38 36 98 22 88 11 34 74 10 27 1 77 73 18 68 88 92 41 85 56 66 28 12 70 53 75
53 75 26 83 86 91 55 14 19 92 20 38 27 40 69 79 75 77 21 53 29 49 99 18 33 10 65 53 72 21 53 85 80 77 86 45 69 66 97 85 32 4 41 52 36
11 7 90 87 17 38 26 63 55 0 5 89 93 81 14 0 57 45 18 86 68 63 91 76 85 24 78 41 55 71 73 93 49 59 56 34 41 72 21 42 1 26 28 41 33
78 22 28 99 76 84 3 9 72 74 75 12 45 32 63 49 34 40 71 30 77 10 64 34 51 9 81 76 82 92 27 78 87 65 55 36 21 61 93 51 43 74 11 31 20
55 13 97 100 48 80 45 72 10 43 44 51 91 11 0 52 13 91 39 2 93 35 70 37 52 69 0 1 90 71 24 84 68 47 75 17 22 58 28 5 47 69 30 96 55
6 78 75 54 48 49 93 6 68 86 98 37 6 69 59 100 92 51 13 89 22 48 5 69 51 25 38 71 93 11 51 67 70 42 14 10 77 28 28 73 72 59 41 10 4
6 32 3 45 42 39 45 49 96 71 56 55 29 38 68 21 1 30 64 33 48 35 24 38 80 96 58 80 45 32 89 94 14 70 78 55 77 57 84 67 5 45 48 65 62
54 28 89 68 77 23 81 14 56 30 30 4 33 61 48 26 0 1 22 54 49 17 63 98 13 98 16 89 16 49 51 15 98 27 26 91 71 29 57 38 64 11 30 45 79
77 46 94 74 92 75 55 90 67 98 4 90 3 44 5 13 72 14 81 69 84 31 52 55 50 93 25 21 65 8 4 12 73 34 7 13 19 98 88 64 9 71 38 53 79
20 62 38 100 83 53 98 70 5 4 44 31 91 42 45 21 12 66 10 92 29 4 71 40 41 67 17 33 1 29 39 55 55 69 82 43 17 2 73 54 27 26 98 55 23
97 97 17 79 55 84 70 55 71 31 98 47 68 45 19 30 46 24 76 62 9 6 18 24 14 27 78 42 7 77 6 69 51 49 97 84 36 15 42 10 16 72 89 80 12
81 70 81 4 71 77 25 45 44 36 39 5 25 25 76 97 79 39 24 43 65 42 25 90 27 57 0 83 63 34 69 86 41 27 32 0 27 63 79 4 22 60 55 30 39
16 83 48 7 85 39 100 73 7 68 25 91 21 75 57 62 6 46 59 21 92 23 90 29 40 79 7 26 84 55 54 99 50 8 62 41 3 45 57 32 22 95 19 3 31
7 99 49 61 97 74 58 28 76 39 76 49 64 37 49 30 46 70 98 95 38 17 97 0 51 89 75 79 59 36 57 92 81 74 32 30 16 18 75 25 96 24 10 38 87
43 12 38 23 92 4 82 13 30 88 71 60 56 30 5 75 88 33 34 36 31 83 52 60 12 59 63 51 84 87 71 24 1 51 81 75 38 27 18 49 79 20 9 26 53
