52417600
4797250
25236782
1820826
25270500
5420520
89342
47451024
33729419
15674848
47797041
22590239
1068615
60991112
13668980
27061276
9768302
1027130
67479
38933126
9434070
238940
8103480
26092586
5071440
76670948
8855892
13489272
11506196
14151186
6899274
43348080
4028130
8835372
45635550
317300
34721136
10843315
24580600
55247865
4761983
35431435
693440
92738745
7950238
5867703
23304162
1694963
55480608
26864068
20337831
58371744
10959143
49988568
30663619
13825656
1123600
24382292
18696211
7459652
76745208
960725
49957495
410690
2114896
29200560
64536750
7559271
15436000
45153758
26430136
6611276
37021414
18100320
14350584
18193868
11246180
13990860
11110152
7592704
50976954
608902
1146288
113292
1812672
19071005
24817
43178936
2831384
44500116
3908184
20463300
36167850
43298160
6942909
17784323
11905248
31832484
11769191
4375259
15225984
3493266
8776200
701946
11165982
5427503
19639716
17129232
38099930
854832
6097809
47730501
372870
6295666
54706492
28338
5045127
51460858
12887616
41655816
9501800
19090930
26752
3012264
32560110
19076772
13471317
23639553
53296440
25152646
612480
9075180
47363020
695244
35085792
14704261
509082
73369310
526338
2187152
3736948
14851980
1872048
24488835
22122540
27251776
4060881
29555321
5390220
10871547
2705514
27139052
3088282
22976270
40488635
60139671
45401957
13696344
6077287
104730
18609780
29746988
3191800
608
16827216
64206
432804
6889497
518700
22328752
12427170
10913451
34181476
10849140
7131228
15874353
6445872
47358668
25902205
1279616
28988910
9018924
73892060
44250057
770146
1655544
603617
30927748
24956037
5462970
5613088
1897236
63066528
19792928
907767
16408692
4830208
1116488
13248037
7937111
41012460
31020198
17587395
3060288
4165
1037280
9595264
57229428
9117908
38832542
9833346
1184640
69468970
50343163
55816632
1440369
52863888
29912034
55314230
1793715
58124196
61138215
6983905
64976646
1708131
3554946
28291331
1842210
72546210
6085354
6261136
6477606
39820852
14366429
2537664
972529
4503180
36836601
13642344
2485572
10740928
24607476
26100420
11179035
42717360
7264631
23299593
54683006
7833600
24163120
22454400
30364114
6450588
2241810
3886011
9184142
4404684
44490942
7274880
450900
8339550
27630833
35544455
22326506
61144650
18041412
19322240
4196677
59683
19448400
25831488
4271736
73781214
6669423
10444148
19768680
1988832
28560060
23987315
10702560
8725232
82185
461496
1557959
19582716
15544764
8164375
51269614
11425112
21006417
25682880
10243885
432117
98646
6342864
78510080
33351060
18374786
13523358
36944537
7434752
3754832
4587960
10952271
1974708
2628016
2972265
61674536
28572
157964
36217307
31645497
2343152
3553170
7878202
51922934
948145
27759387
493480
21025719
20334860
17669504
11145324
46258794
743248
8673132
42699228
18477774
57664865
24187110
12979242
11187829
1124273
31840461
439280
3766655
4503744
3720426
892032
79268350
2616070
21986874
482530
7200536
31674015
1205424
498855
7997670
5843607
13402919
22152629
3673187
80862795
33006633
8635140
288435
11008206
63906264
22972222
6712728
14276295
8264768
16253700
7268184
1371615
11085588
56198328
3977664
6256620
37070520
17989770
1707735
57313256
65064816
8349504
27467405
42459584
21013202
25490418
3990840
5638410
17544600
85557600
8583028
24804015
40860562
9632050
47122010
17395664
2857312
71380731
3659514
539190
22567712
11813352
7839201
71458991
33926932
15994836
1124106
44693618
7434108
40871610
40984515
18722722
64152060
25248699
10705888
32426559
28434046
923514
10597440
49146720
1300577
5856160
9844008
5708591
10418592
24036997
44971521
73000620
9330228
1720020
2060824
37997640
11800290
46245490
3525785
19566078
21260704
36248086
20843344
49731462
11147508
20163836
15930576
5886866
32805376
18211990
16928730
9745710
38184662
14027748
30953531
17705863
12132831
1181472
14097768
54120581
2217726
75206887
28638414
10797678
22623480
23766750
6309233
1078044
12217560
7533981
330200
42485391
43585749
27887648
20887356
3476466
20389936
1929728
116826
969158
2267992
3238005
2912492
23412672
30106350
6469808
42400638
76570200
16628066
16714740
53124390
15956409
368987
8019297
7581638
44233761
15264032
8594044
6424535
2752512
19609808
65514991
15598614
3291336
84798700
8337750
27282272
14198500
10373400
10644748
55338418
8110665
12857280
5315849
2422728
9274730
6175875
49303540
20650145
18698724
77017173
19204364
86446140
11926134
17966528
39235509
7485910
71978
19945820
72918934
23156810
15663432
463295
8578815
26317427
78982810
34552224
44287516
45865400
27271680
38361930
67821062
26569634
4292904
66079860
10716948
18014720
12642916
1184840
10655216
8820570
472296
65245848
1788804
2815648
5714624
266742
33064332
11420016
27859339
4539564
29794131
1008011
16670808
255222
28417090
23893254
530120
751674
45424176
1062285
34892835
3410284
758100
1803816
61784448
37859986
15859045
30950844
61452479
45481920
467286
12598896
3843675
13886656
21463677
44147180
13292229
78270057
71241483
12610896
5830422
1868750
5211648
58114160
21546532
6159552
9734124
12048520
4169060
3270051
417909
11110386
29423832
516720
10659554
2152548
14179958
6286590
23700924
552354
11005506
18477366
15692974
22376222
70890330
11114688
30894290
36513008
36664000
8409093
1974708
19565164
5189120
1879020
16012416
46378125
10091071
11126154
31524480
8084112
11254425
44796862
832425
54042625
61302208
124926
7290952
5690512
8280350
9538386
1384736
70476545
13774410
90514800
14457349
66972080
41696325
30522312
32100360
10129824
39573036
6264602
24160500
233184
41882770
47493442
89036960
326575
17396085
27515915
42972400
48663725
41615
1084104
2628108
2394700
6366266
51966510
1971936
4543462
61945120
26334198
3957964
962936
41691768
11337710
1309770
761805
714880
37480864
12731280
11731920
3997154
5017950
299952
24658755
1748687
536160
7109914
11877327
58698500
6226857
772716
33926696
57744258
17744247
124728
25905688
8850504
31813987
38069776
21227972
5580900
1388765
13597065
866832
4117946
71113380
43144416
35080434
