41861028
33773025
118350
370474
43717632
53512480
29496720
45414080
1337778
44826944
54373446
45180423
1928061
228753
54360
63198663
45018234
7557369
25598883
4000347
3098434
9817800
12612418
64842934
33894876
6289569
934584
33100392
126272074
4334294
2924964
2707482
17852220
67703400
31138128
6697558
1829776
22585537
35584
6825572
61599294
12905440
511609
2938691
52026828
33160025
64863412
97582730
1148796
522743
16671923
22139256
4296538
22727250
50790
43864420
74462400
38112009
1474031
6143360
16112
25363163
9334962
90984960
30485400
4227552
74591937
58114030
70633848
5257896
49140159
8026200
7993008
47855148
13246400
47713400
18818291
13184388
61265376
116290596
36
36663255
1366644
8381189
6912064
18629907
55869120
16665357
2731640
42430440
34841340
22849449
42398
29931768
9363324
10210368
323376
7186510
43306620
2905107
9450666
12754800
3884297
28349376
31207004
113221296
47365888
10189460
54957196
61174995
88122090
34823880
7657432
18062176
3681873
23454272
20692500
586293
1376778
65205050
50776978
3275064
6300
34427645
15964020
169371
21422788
31390722
99173437
11737880
11241846
113433180
2989200
23086323
1379112
18863808
33022435
79066282
6783260
77442750
4928128
41784240
68978070
68536215
3000201
866733
16425388
84872070
23561448
800382
6935686
65481633
6465024
58947312
65350688
33555200
2084845
25853104
7039671
36108480
21552225
513747
25434255
53929408
2068815
14741790
6670322
7448686
17312932
30296866
11381412
24066977
26334847
4634063
55256465
5410028
76925464
24064690
27072288
20610070
6803720
70794
42237785
28555320
36279535
30342144
155840
70900134
1141512
15388896
97570122
3056838
45131256
35109880
6449040
39628160
21063768
42679732
45614462
195444
77920662
2498580
24587160
17715152
24047712
58948180
32352692
50772663
68468480
3691845
54934724
1140623
56061440
31311912
6648
50734748
9891892
18674689
25459083
4931190
20082181
3750438
18595749
7002308
9430344
17421270
407700
14998814
39174932
22375290
7213824
8776670
45144418
75002952
131040
785460
462942
55316490
4552380
8321670
21863919
14900298
44058
17850328
26501557
60249475
1121692
2121950
4153716
30409683
18054240
7439952
18049695
107246475
38014242
60568120
103086
1992200
61319830
2155172
3822365
57268512
6810045
89667004
12993069
217304
69257655
5188088
16791940
40941620
2405305
26862294
16394910
44873550
1340848
66279360
6533530
573248
976836
29502000
35364866
53224106
3446300
36702897
64980205
62252359
8645210
9365544
4942560
43087060
63245625
76079374
37236210
35002656
34920396
16083144
6065760
1083900
29627936
8435622
48446775
53550944
26481748
7906261
21526862
180744
19023680
63952642
63261624
329130
4718316
4787668
97176709
914292
22930180
37161852
16023968
19589390
6797043
28976193
77158192
11459768
68055750
51082431
27787624
98572347
19832460
410238
23974080
1822650
12559724
24408226
70354212
42519960
103751256
10446300
66176715
50269902
18124482
17493
1323970
29921808
469140
92591136
86322444
10133717
12538461
13051947
6051760
4005000
23334246
9093308
8379360
91489558
12760616
57991676
22493817
52092565
34401490
23906454
867180
112061460
417852
11270368
15296743
5983542
7360056
15772260
28994304
1020684
25299790
41661991
2601360
6536420
10881470
24745812
5331900
16622200
22620500
48222842
62240160
30771975
138966
11416265
9387000
105372570
14562552
16428054
533922
3015120
36638369
18069432
43886360
30172735
19996965
21676832
35934415
55025384
16370976
25758304
18799400
138325159
5263440
9054012
38424444
63415518
47278308
236980
20308878
11979600
1940856
13717440
11984184
3529930
18784012
3597132
10483792
15135894
840154
74489826
93165975
8487280
73841460
25445682
1520530
22927884
87043044
23608725
4031200
5432076
9257875
1811859
46952946
30923880
24898640
88729356
2981674
2931710
20898306
27468352
18079440
4589433
18757419
25657800
5928144
1813329
2938495
58124410
15457410
15778988
11095200
28067280
3512302
41370318
10304940
4803259
14788800
8584784
6256440
3575432
17694864
27346608
1468650
2086800
27235150
6992832
45208642
5058
87769227
23885748
48729835
32577456
2230644
63935137
1057875
70770365
61451396
67088424
11190970
39208103
10154424
25589150
102443391
4973382
8800973
50499086
41231076
18686618
21881776
5553340
107081210
6468525
98107362
12536048
7821020
12060000
5107884
27532716
11104806
146370
6177512
11930724
6904092
10668964
29466360
24758256
40285440
49132802
20562484
